[(1, 0)]
[(9, 8)]
[(2, 2), (4, 2)]
[(5, 7), (4, 6)]
[(7, 6), (8, 7), (9, 6)]
	[(0, 1), (1, 0)]
[(8, 9), (9, 8)]
[(3, 3), (3, 1)]
[(3, 7), (5, 7)]
[(8, 7), (9, 6)]
	[(0, 1), (1, 0)]
[(9, 8)]
[(4, 2)]
[(4, 8), (5, 7)]
[(8, 7), (9, 6)]
	[(0, 1)]
[(8, 9), (9, 8)]
[(4, 2)]
[(3, 7), (5, 7)]
[(8, 5)]
	[(0, 1), (1, 0)]
[(8, 9), (9, 8)]
[(2, 2), (4, 2)]
[(4, 6)]
[(9, 6)]
	[(1, 0)]
[(8, 9)]
[(2, 2), (4, 2)]
[(4, 8), (5, 7)]
[(8, 7), (8, 5)]
	[(0, 1), (1, 0)]
[(9, 8)]
[(3, 3), (4, 2), (3, 1)]
[(3, 7), (4, 8), (5, 7), (4, 6)]
[(7, 6), (8, 7), (9, 6), (8, 5)]
	[(0, 1)]
[(9, 8)]
[(2, 2), (3, 3), (4, 2), (3, 1)]
[(4, 6)]
[(9, 6), (8, 5)]
	[(0, 1), (1, 0)]
[(9, 8)]
[(4, 2), (3, 1)]
[(3, 7)]
[(7, 6), (9, 6)]
	[(0, 1)]
[(8, 9), (9, 8)]
[(2, 2), (3, 1)]
[(3, 7), (4, 8), (5, 7), (4, 6)]
[(7, 6), (8, 7), (9, 6), (8, 5)]
	