[[(4, 23), (4, 22), (4, 21), (3, 21), (3, 20), (3, 19), (4, 19), (4, 18)], [(4, 18), (4, 17), (3, 17), (3, 18), (2, 9), (2, 8), (3, 15), (3, 14), (4, 14), (4, 13), (4, 12), (3, 12), (3, 13), (2, 7), (1, 4), (1, 5), (1, 6), (1, 1), (0, 0)]]
[[(4, 18), (4, 19), (4, 20), (4, 21), (4, 22), (4, 23)], [(4, 23), (4, 22), (4, 21), (3, 21), (3, 20), (2, 10), (2, 11), (3, 22), (3, 23), (3, 24), (4, 24), (4, 1), (4, 2), (4, 3), (4, 4), (3, 4), (3, 3), (3, 2), (2, 1), (2, 12), (1, 6), (1, 1), (0, 0)]]
[[(4, 20), (4, 19), (4, 18), (3, 18), (3, 17), (3, 16), (4, 16), (4, 15), (3, 15), (3, 14), (4, 14), (4, 13), (4, 12), (3, 12), (3, 13), (2, 7), (2, 8), (2, 9), (1, 5), (2, 10), (2, 11), (2, 12), (3, 23), (3, 24), (4, 24), (4, 1), (4, 2), (4, 3), (3, 3), (3, 2), (3, 1), (2, 1), (2, 2), (2, 3), (3, 5), (4, 5), (4, 6), (3, 6), (3, 7), (2, 4), (2, 5)], [(2, 5), (1, 3), (0, 0)]]
[[(4, 23), (4, 22), (3, 22), (3, 21), (2, 11), (2, 10), (2, 9), (2, 8), (3, 15), (3, 14), (3, 13), (4, 13), (4, 12), (3, 12), (3, 11), (2, 6), (2, 7), (1, 4), (1, 5), (1, 6)], [(1, 6), (1, 5), (1, 4), (1, 3), (1, 2), (0, 0)]]
[[(4, 18), (4, 19), (3, 19), (3, 18), (2, 9), (3, 17), (3, 16), (3, 15), (4, 15), (4, 14), (4, 13), (3, 13), (2, 7), (2, 6), (2, 5), (1, 3)], [(1, 3), (0, 0)]]
[[(6, 14), (6, 13), (6, 12), (5, 6), (6, 11), (6, 10), (5, 5), (4, 5), (4, 6), (3, 6), (3, 5), (2, 3), (2, 2), (3, 3), (3, 4), (4, 4), (4, 3), (4, 2), (5, 2), (5, 3), (5, 4), (6, 7), (6, 6), (6, 5), (6, 4), (6, 3), (6, 2), (6, 1), (5, 1), (5, 24), (4, 24), (4, 1), (3, 1), (3, 2), (2, 1), (2, 12), (3, 24), (3, 23), (3, 22), (3, 21), (4, 21), (4, 22), (4, 23), (5, 23), (6, 46), (6, 45), (6, 44), (6, 43), (5, 22), (5, 21), (5, 20), (4, 20), (3, 20), (3, 19), (3, 18), (3, 17), (3, 16), (3, 15), (4, 15), (5, 15), (6, 29), (6, 28), (5, 14), (4, 14), (3, 14), (3, 13), (3, 12), (4, 12)], [(4, 12), (3, 12), (3, 13), (3, 14), (4, 14), (5, 14), (6, 28), (6, 29), (5, 15), (4, 15), (3, 15), (3, 16), (3, 17), (3, 18), (3, 19), (3, 20), (4, 20), (5, 20), (5, 21), (5, 22), (6, 43), (6, 44), (6, 45), (6, 46), (5, 23), (4, 23), (4, 22), (4, 21), (3, 21), (3, 22), (3, 23), (3, 24), (2, 12), (2, 1), (3, 2), (3, 1), (4, 1), (4, 24), (5, 24), (5, 1), (6, 1), (6, 2), (6, 3), (6, 4), (6, 5), (6, 6), (6, 7), (5, 4), (5, 3), (5, 2), (4, 2), (4, 3), (4, 4), (3, 4), (3, 3), (2, 2), (2, 3), (1, 2), (1, 3), (1, 4), (0, 0)]]
[[(6, 6), (5, 3), (5, 2), (6, 3), (6, 2), (6, 1), (6, 48)], [(6, 48), (6, 1), (6, 2), (6, 3), (5, 2), (5, 3), (6, 6), (6, 7), (5, 4), (5, 5), (4, 5), (4, 6), (3, 6), (2, 3), (1, 2), (1, 3), (1, 4), (2, 7), (3, 13), (4, 13), (4, 12), (5, 12), (6, 24), (6, 25), (5, 13), (5, 14), (5, 15), (6, 29), (6, 30), (6, 31), (6, 32), (5, 16), (5, 17), (6, 34), (6, 35), (5, 18), (6, 36), (6, 37), (6, 38), (6, 39), (6, 40), (5, 20), (5, 21), (6, 42), (6, 43), (5, 22), (4, 22), (4, 21), (4, 20), (3, 20), (2, 10), (3, 19), (4, 19), (4, 18), (4, 17), (3, 17), (3, 18), (2, 9), (1, 5), (0, 0)]]
[[(6, 36), (5, 18), (6, 35), (6, 34), (5, 17), (6, 33), (6, 32)], [(6, 32), (6, 31), (6, 30), (6, 29), (6, 28), (6, 27), (5, 14), (5, 13), (6, 26), (6, 25), (6, 24), (6, 23), (5, 12), (5, 11), (6, 21), (6, 20), (5, 10), (6, 19), (6, 18), (5, 9), (4, 9), (4, 10), (3, 10), (3, 11), (2, 6), (2, 5), (1, 3), (1, 4), (1, 5), (1, 6), (0, 0)]]
[[(6, 46), (5, 23), (6, 45), (6, 44), (6, 43), (6, 42), (6, 41), (6, 40), (5, 20), (5, 21), (5, 22), (4, 22), (4, 21), (3, 21), (2, 11), (1, 6), (1, 5), (2, 9), (2, 10), (3, 20), (3, 19), (3, 18), (4, 18), (5, 18), (5, 17), (6, 33), (6, 32), (5, 16), (5, 15), (5, 14), (6, 27), (6, 26), (6, 25), (6, 24), (6, 23), (5, 12), (5, 13), (4, 13), (4, 14), (3, 14), (3, 15), (2, 8), (1, 4), (1, 3), (2, 6), (2, 7), (3, 13), (3, 12), (4, 12), (4, 11), (4, 10), (3, 10), (2, 5), (2, 4), (1, 2), (2, 3), (2, 2), (3, 4), (3, 3), (3, 2), (3, 1)], [(3, 1), (3, 24), (4, 24), (4, 23), (3, 23), (2, 12), (2, 1), (1, 1), (0, 0)]]
[[(6, 33), (6, 34), (5, 17), (5, 16), (4, 16), (4, 17), (4, 18), (3, 18), (3, 19), (3, 20), (4, 20), (4, 19), (5, 19), (6, 37), (6, 38), (6, 39), (5, 20), (5, 21), (4, 21), (4, 22), (4, 23), (4, 24), (5, 24), (5, 1), (5, 2), (5, 3), (6, 6), (6, 7), (5, 4), (6, 8), (6, 9), (6, 10), (5, 5), (4, 5), (4, 6), (4, 7), (5, 7), (5, 6), (6, 12), (6, 13), (6, 14), (6, 15), (5, 8), (6, 16), (6, 17), (6, 18), (5, 9), (4, 9), (3, 9), (3, 8), (2, 4), (3, 7), (3, 6), (3, 5), (3, 4), (3, 3), (4, 3), (4, 2), (3, 2)], [(3, 2), (4, 2), (4, 3), (3, 3), (3, 4), (3, 5), (3, 6), (3, 7), (2, 4), (3, 8), (3, 9), (4, 9), (5, 9), (6, 18), (6, 17), (6, 16), (5, 8), (6, 15), (6, 14), (6, 13), (6, 12), (5, 6), (5, 7), (4, 7), (4, 6), (4, 5), (5, 5), (6, 10), (6, 9), (6, 8), (5, 4), (6, 7), (6, 6), (5, 3), (5, 2), (5, 1), (5, 24), (4, 24), (4, 23), (4, 22), (4, 21), (5, 21), (5, 20), (6, 39), (6, 38), (6, 37), (5, 19), (4, 19), (4, 20), (3, 20), (3, 19), (3, 18), (4, 18), (4, 17), (4, 16), (5, 16), (5, 17), (6, 34), (6, 33), (6, 32), (6, 31), (6, 30), (6, 29), (6, 28), (5, 14), (4, 14), (3, 14), (3, 15), (2, 8), (2, 7), (3, 13), (4, 13), (5, 13), (6, 25), (6, 24), (6, 23), (5, 12), (4, 12), (4, 11), (4, 10), (3, 10), (3, 11), (3, 12), (2, 6), (1, 3), (1, 4), (0, 0)]]
